9.656286967169147584e-02
1.029010878334988277e-01
1.107396018607034599e-01
1.165129185508128329e-01
1.236913403497976460e-01
1.311511960480106209e-01
1.372971573593872729e-01
1.448805240388462978e-01
1.511921644412139443e-01
1.580801398100600830e-01
1.629662688754329181e-01
1.687143656454219431e-01
1.738470625354086307e-01
1.790800134223396456e-01
1.843854214137293779e-01
1.887322444302192981e-01
1.922220316767187798e-01
1.980318621392599676e-01
2.046240319135073926e-01
2.115247030057553768e-01
2.183707988612870465e-01
2.251340449693235712e-01
2.323805214832432298e-01
2.378957729267846821e-01
2.417149782526286372e-01
2.466305228536798955e-01
2.489526176671483793e-01
2.502637464219359953e-01
2.535330431133249185e-01
2.563842227651094707e-01
2.585610589137904980e-01
2.600316626431979916e-01
2.622037999436152567e-01
2.659659078550180022e-01
2.695799492510905782e-01
2.738537986284548809e-01
2.805654128918230739e-01
2.864584936252890235e-01
2.923367890046003059e-01
2.984189937056251352e-01
3.045215407389679774e-01
3.084860213018090769e-01
3.123112940883797095e-01
3.132976073824234042e-01
3.135086038335356817e-01
3.150193298483773829e-01
3.150281111148493518e-01
3.164776088269642407e-01
3.179404718176069289e-01
3.184214902826039695e-01
3.194449817827655358e-01
3.207101578733164149e-01
3.237716488430743000e-01
3.268170580825404126e-01
3.311120414406754642e-01
3.338513361195686313e-01
3.350229655885370583e-01
3.351657697119297952e-01
3.348081129842849224e-01
3.347121186219307876e-01
3.341271527186860379e-01
3.337368959116819300e-01
3.328165014783844855e-01
3.323821567323549941e-01
3.316953694943972075e-01
3.305154358604849851e-01
3.303693729330719475e-01
3.294614143694983288e-01
3.298543662579299096e-01
3.315357329335638092e-01
3.337941225531170786e-01
3.359895644366173717e-01
3.370045679009047168e-01
3.366878191116705055e-01
3.360649855359887916e-01
3.364978127043594669e-01
3.352194319581428550e-01
3.335184976628571829e-01
3.339607113333462052e-01
3.300217041269515872e-01
3.281877829985566097e-01
3.265588930871606843e-01
3.245868128653665585e-01
3.226611071974641032e-01
3.212273028202086156e-01
3.201452139825473608e-01
3.187140085532147449e-01
3.166829116371557840e-01
3.145504347369818543e-01
3.140226432038755733e-01
3.106954219015720109e-01
3.080398833266431713e-01
3.046433230049617191e-01
3.039367770742961161e-01
3.019293803569874646e-01
3.012620161213082626e-01
2.987870867881188830e-01
2.959364238439255446e-01
2.929201809870392581e-01
2.908441409748500073e-01
2.886045509452312419e-01
2.869533796808056425e-01
2.851379974928581196e-01
2.826286422107774920e-01
2.798071912976654030e-01
2.770325242990845926e-01
2.744170365373336251e-01
2.719358833799438990e-01
2.698117345566898861e-01
2.668396284685060071e-01
2.641009454837469073e-01
2.608517710961635871e-01
2.584187011195078210e-01
2.550271885498112123e-01
2.523661797607945623e-01
2.486177161052333384e-01
2.469130221393667224e-01
2.437625917842702605e-01
2.409777587751608108e-01
2.380642602618206205e-01
2.352851103279758604e-01
2.325511604472612071e-01
2.298401894276413671e-01
2.267854988881790324e-01
2.242491561540382039e-01
2.212424782387183986e-01
2.183711432830348909e-01
2.155449702763078401e-01
2.127263331444480265e-01
2.099870320814688773e-01
2.072387909265476225e-01
2.047003149707595782e-01
2.018206676417218515e-01
1.988903950484701977e-01
1.961963503873121184e-01
1.934510862393365171e-01
1.907621959173504411e-01
1.879932701951735619e-01
1.852500610956473726e-01
1.826220962715614238e-01
1.798484781164860491e-01
1.770526013834393120e-01
1.742830724408618859e-01
1.716891124341920205e-01
1.687732073119673215e-01
1.661429418448584217e-01
1.634644926969827938e-01
1.607485661438060875e-01
1.580973969700190662e-01
1.553383621084356014e-01
1.528612573161909904e-01
1.502888998938372578e-01
1.476188416028658690e-01
1.453399510853962684e-01
1.428505540330135271e-01
1.402594311312871933e-01
1.376390882823377293e-01
1.350145369674778384e-01
1.325331297995200330e-01
1.300608845485059784e-01
1.275430421865512143e-01
1.249592952975460691e-01
1.223615743370262132e-01
1.198546418177528633e-01
1.174602557157092692e-01
1.153313917713404413e-01
1.127973683012146316e-01
1.102033909999469152e-01
1.076578771389252870e-01
1.051829738362017180e-01
1.026910219210900727e-01
1.002574991501706259e-01
9.790529394750663306e-02
9.554878102923827776e-02
9.316902515169979415e-02
9.072891707926181160e-02
8.835633441298670898e-02
8.602343926062415436e-02
8.367873427679634046e-02
8.146021029842602512e-02
7.911032411490945271e-02
7.682522990521312156e-02
7.470750924696779871e-02
7.259716461207421645e-02
7.059652795983449580e-02
6.864953142832401489e-02
6.694306049218755328e-02
6.504779678677564958e-02
6.332133836728118248e-02
6.164670901263399894e-02
6.039313351388951590e-02
5.904183851740657518e-02
5.745100792176376092e-02
5.579208374792119646e-02
5.416207685528686561e-02
5.247673906172260760e-02
5.092849889090048099e-02
4.933352616044128780e-02
4.768722978807808655e-02
4.609328713775342340e-02
